52537
4977
54372
79180
57691
16298
34538
18864
78662
37674
51207
57919
60881
90582
97127
58274
5062
85205
73078
79461
30366
68776
77649
69173
9957
56690
22457
29335
93979
95709
90739
92713
42530
35099
30642
86958
11408
31736
17484
57966
90927
17729
17405
50633
6705
2573
1004
47883
9216
59875
80723
7538
78323
86727
35855
61577
33712
65703
79640
25126
82962
1232
24941
41776
2720
74754
48330
92327
15982
10713
79131
7397
13735
53551
35336
9119
87850
37842
90005
20545
22633
1567
92980
99310
95771
16511
58864
60632
5943
97573
9026
49767
33908
83299
44507
79331
7837
12132
30932
30318
63260
63451
72191
53591
79773
93514
86741
3162
35203
32140
32487
12397
25117
4521
88672
81628
1670
55693
55617
59663
64368
88657
95895
63148
86015
22533
49463
22021
44556
1736
65125
14358
58966
26460
13680
75053
88638
23549
38404
75004
80595
6869
94583
33381
48565
9789
45576
76354
11599
23441
28655
39299
97671
56055
82082
53085
3138
17516
77885
53211
76295
26693
65609
67671
39048
19455
80399
92818
18547
58080
64871
90995
72521
33832
24255
22256
41066
25807
11065
90208
96722
37982
50008
10478
99111
57729
3436
15025
12044
61655
55378
72045
51871
71809
65339
95902
6750
54801
38312
47736
11035
25246
5883
62217
77936
82561
65928
44731
27841
70615
49059
38213
76749
88251
3743
56662
11817
53116
20342
37485
56880
17348
28796
68720
43463
69426
81190
63124
51454
69741
14256
99511
31969
34195
51368
29923
51371
3999
84114
2469
79036
74531
61514
98443
51894
70975
94864
46249
23395
1218
69484
45628
40550
63475
60251
91196
73355
60933
21473
64971
60150
27919
99040
12966
31788
86555
36680
35759
75108
80061
30781
26148
41340
77338
82374
5043
94707
13670
3422
84087
75587
91109
66574
39781
25920
79796
83813
19759
90425
85156
94576
31263
5781
2603
33609
52752
78208
93905
37549
57510
29890
40687
94763
95441
156
37610
92073
26258
87249
50707
78802
89085
51076
24760
39990
62924
12905
32654
80187
91550
13002
4479
83375
13720
47410
61820
6788
21457
18008
41973
82404
19042
87770
45647
26298
93484
86523
29119
75664
91363
88640
57627
37481
81424
80549
39472
99547
2872
95688
12809
15494
51196
5792
76692
52459
59144
20889
39971
48066
83834
24630
69556
54809
16850
60495
80489
7281
8767
19508
40255
27817
96674
25547
44297
36233
91180
24080
97038
40765
44943
69683
90330
38807
29654
95789
37449
1683
30425
1257
73981
7892
92372
12289
18048
56585
29254
76523
57625
51441
84968
36313
92804
2374
92300
37026
68536
41318
15857
90990
66817
36927
95066
33039
29003
3029
72949
30357
27395
85419
83125
51334
7244
39738
28670
93064
73130
10985
82932
8781
46201
96719
85265
97167
46887
18521
21129
4384
34891
11226
85034
16308
15285
24853
86314
39175
62137
22309
16942
90112
39964
16082
36282
47988
8743
89452
96656
35181
49092
46921
49138
87330
63932
93762
37141
6008
5871
84469
39609
98356
28610
20960
65819
88813
19639
83317
53729
11020
44970
30348
51526
77400
93081
14936
32931
68117
99213
66161
52206
42831
72536
4576
46876
19518
50857
98899
54511
71149
32528
19000
32271